4294967278,53
4294967278,52
4294967278,51
4294967278,63
4294967278,62
4294967278,61
4294967278,60
4294967278,59
4294967278,58
4294967278,57
4294967278,56
4294967278,55
4294967278,54
4294967279,174
4294967279,90
4294967294,1418
4294967294,429
4294967279,334
4294967279,379
4294967279,261
4294967278,538
4294967279,282
4294967294,1419
4294967278,529
4294967278,563
4294967278,565
4294967278,528
4294967278,527
4294967278,561
4294967279,233
4294967278,523
4294967278,255
4294967278,521
4294967294,968
4294967294,161
4294967278,254
4294967278,519
4294967278,253
4294967278,250
109,5
4294967278,248
109,4
109,2
109,1
4294967278,246
4294967278,242
108,4
4294967278,240
108,3
108,2
108,1
4294967278,239
4294967278,238
4294967278,237
107,4
4294967278,236
107,2
107,1
4294967278,235
4294967278,234
4294967279,86
4294967279,85
4294967279,84
4294967279,83
4294967278,231
4294967278,230
4294967278,233
4294967279,454
4294967278,227
4294967278,226
4294967278,229
4294967278,224
4294967278,225
4294967279,81
4294967279,80
4294967279,79
4294967278,222
4294967278,221
4294967278,219
4294967278,216
4294967278,214
4294967279,78
4294967279,76
4294967279,74
4294967279,72
4294967279,71
4294967279,69
4294967279,68
4294967279,66
4294967279,65
4294967279,63
4294967279,62
4294967279,60
4294967279,59
4294967279,56
4294967279,55
4294967279,54
4294967279,53
4294967278,573
4294967278,211
4294967278,515
4294967278,210
4294967294,396
4294967294,395
4294967294,179
4294967294,385
4294967294,398
4294967294,406
4294967294,384
4294967294,167
4294967294,451
4294967294,169
4294967294,456
4294967294,118
4294967294,109
4294967278,209
4294967278,514
4294967278,208
4294967278,206
106,5
4294967278,205
106,4
106,2
106,1
4294967278,204
4294967278,202
105,4
4294967278,201
105,3
105,2
105,1
4294967278,315
4294967278,200
4294967278,199
4294967279,200
4294967278,198
4294967278,556
4294967279,199
4294967278,197
4294967279,51
4294967279,49
4294967279,47
4294967279,45
4294967279,44
4294967279,43
4294967294,387
4294967294,388
4294967278,327
4294967278,195
4294967278,554
4294967279,450
4294967278,553
4294967278,193
4294967278,326
4294967278,192
4294967278,552
4294967279,42
4294967279,41
4294967279,40
4294967279,38
4294967279,37
4294967279,35
4294967279,34
4294967279,32
4294967279,31
4294967279,28
4294967279,26
4294967279,25
4294967279,23
4294967278,314
4294967279,366
4294967278,190
4294967278,189
4294967278,311
4294967278,186
4294967278,312
4294967279,310
4294967278,185
4294967278,184
4294967278,310
4294967279,185
4294967279,453
4294967279,346
4294967279,0
4294967278,183
4294967278,181
4294967279,182
103,5
4294967278,180
103,4
103,2
103,1
4294967278,179
4294967279,179
4294967294,89
102,4
102,3
102,2
102,1
4294967279,175
101,4
101,2
101,1
4294967279,350
4294967279,369
4294967278,0
4294967279,21
4294967279,19
4294967279,17
4294967279,14
4294967279,13
4294967279,12
4294967279,11
4294967279,10
4294967279,163
4294967294,905
4294967279,368
4294967279,159
4294967294,37
4294967294,36
4294967294,39
4294967294,392
4294967294,46
4294967294,389
4294967294,115
4294967279,158
4294967279,154
100,5
100,4
100,2
100,1
4294967294,40
4294967279,150
99,4
4294967279,149
99,3
99,2
99,1
4294967279,448
4294967279,147
4294967294,42
0,7
4294967294,43
4294967294,954
4294967294,415
4294967279,145
4294967279,382
4294967294,393
4294967294,53
4294967294,51
4294967294,52
4294967294,107
4294967294,81
4294967294,50
4294967294,88
4294967294,87
4294967294,85
4294967294,1417
4294967294,83
4294967294,971
4294967294,96
4294967294,94
4294967294,8
4294967279,295
4294967294,186
4294967294,1420
4294967294,909
4294967294,92
4294967294,91
4294967294,469
4294967294,440
4294967294,99
4294967294,9
4294967294,2
4294967294,0
4294967294,390
4294967294,1
4294967294,90
4294967294,86
4294967294,84
4294967294,923
4294967294,956
4294967294,955
4294967294,29
4294967294,413
4294967294,28
4294967294,924
4294967294,27
4294967294,45
4294967294,44
4294967294,38
4294967294,93
4294967294,95
4294967294,5
4294967294,7
4294967278,132
4294967278,131
4294967278,130
4294967278,129
4294967278,128
4294967278,127
4294967278,126
4294967278,125
4294967278,124
4294967278,123
4294967278,122
4294967278,121
4294967278,120
4294967278,119
4294967278,118
4294967278,117
4294967278,116
4294967278,115
4294967278,114
4294967278,113
4294967278,112
4294967278,111
4294967278,110
